14
4
4.441
-151.127
0
0
-0.424
0
0
43.886
-70.353
0.778
-120.374
70.433
120.374
-70.433
-0.636
-66.841
-21.642
0
0
0.848
0
0
-62.232
-67.758
0
1.813
-61.697
17.916
-28.721
-0.058
-74.617
-41.778
49.142
-28.754
-0.058
-49.142
28.754
41.652
-85.138
0
-27.288
-8.835
-25.406
-27.662
0.058
-1
-0.029
0
0
-0.12
0
0
-0.848
-0.529
-0.09
.505
.863
-.505
-.863
-.02
-.308
.951
0
0
-.08
0
0
-.736
.676
-.03
1
1
1
1
1
-1
-1
-1
-1
4700
4700
4700
4700
4700

